5.835076	8.508289	1001
9.888011	16.585414	1002
17.275275	20.609605	1003
21.443187	24.145144	1004
29.117894	32.164781	1005
33.084596	34.981714	1006
36.418925	39.120882	1007
40.213162	42.915119	1008
48.577730	54.297829	1009
55.303877	59.759231	1010
60.966488	63.294770	1011
64.387050	69.877196	1012
71.256918	72.809106	1013
74.016363	77.810600	1014
79.563997	82.984560	1015
83.961863	86.376377	1016
87.152471	90.343080	1017
91.291639	96.178156	1018
96.925506	101.179650	1019
102.386907	108.854356	1020
110.895196	112.964780	1021
113.855850	119.777160	1022
120.524509	124.404979	1023
125.698469	127.480610	1024
128.889077	132.884523	1025
134.264246	136.678760	1026
137.972250	141.708998	1027
142.743790	145.302026	1028
146.365562	153.120453	1029
160.766415	165.825398	1030
166.486515	169.130983	1031
170.280752	171.775451	1032
173.068941	177.581783	1033
182.382068	185.170257	1034
186.061328	188.734540	1035
196.941015	199.657343	1036
214.920524	221.186763	1037
222.508997	227.481747	1038
228.372818	232.282032	1039
232.770683	235.098965	1040
238.519527	242.285020	1041
243.607254	245.648093	1042
247.573956	252.632939	1043
253.811452	257.346990	1044
258.036852	261.112483	1045
262.147275	267.608677	1046
268.815934	273.587474	1047
274.708499	279.336318	1048
280.399854	282.153251	1049
283.360508	285.430092	1050
286.321163	290.402842	1051
291.322657	296.122942	1052
297.128989	299.830946	1053
301.095691	306.470860	1054
307.678118	310.667516	1055
311.731052	315.496545	1056
317.048733	321.935250	1057
322.912553	325.815720	1058
339.497968	344.355741	1059
345.591742	350.219561	1060
351.225609	356.025893	1061
356.801987	361.257341	1062
361.947203	363.988042	1063
365.396509	369.736886	1064
370.599212	374.968334	1065
375.801916	377.900244	1066
378.647594	381.694481	1067
382.326854	386.580998	1068
387.702023	392.157376	1069
392.847238	398.222407	1070
406.816928	409.260187	1071
410.381211	412.134608	1072
412.996935	415.009030	1073
416.302520	418.659546	1074
419.493128	421.792666	1075
422.712481	424.810809	1076
425.500670	427.828952	1077
428.863744	430.904583	1078
431.594445	436.825892	1079
437.889428	440.332687	1080
440.792595	444.385622	1081
445.362925	448.381068	1082
449.847023	453.986191	1083
455.308425	458.757731	1084
459.964988	465.196436	1085
472.497468	477.441473	1087
481.925572	487.616927	1088
488.220555	491.353675	1089
492.819630	494.802982	1090
495.924006	497.878613	1091
499.085870	501.500385	1091
502.247734	506.530623	1092
509.002626	511.129698	1093
512.336955	515.470075	1094
516.964774	520.097894	1095
520.701523	525.243109	1096
526.910274	533.262746	1097
534.038840	538.810380	1098
539.414009	542.777083	1099
544.501736	546.571320	1100
