13.174696	17.239861	1801
18.011352	20.770917	1802
21.394044	26.586774	1803
27.773683	32.224594	1804
33.174122	37.862414	1804
38.782269	43.292525	1805
44.835508	49.345764	1806
51.541547	54.568166	1807
55.933112	58.188240	1808
68.455008	72.193773	1809
81.451667	84.003523	1810
84.359595	89.166579	1811
89.166579	92.578944	1812
93.172399	95.664909	1813
96.495745	99.937783	1814
101.006002	103.439166	1815
104.863458	109.433059	1816
110.441932	115.189571	1817
116.257789	119.403099	1818
121.064773	124.328774	1819
125.931102	128.898376	1820
130.322667	132.874523	1821
134.298814	137.384779	1822
139.283834	144.565582	1823
146.227255	149.135183	1824
150.440784	153.823476	1825
155.425804	159.579987	1826
161.597734	166.286026	1827
167.591627	170.796282	1828
172.517301	177.502321	1829
178.867267	184.386397	1830
185.632652	189.430762	1831
196.670910	200.765748	1832
202.190040	206.166187	1833
207.293751	212.338116	1834
213.228298	218.628737	1835
220.527792	226.224958	1836
227.827286	231.803433	1837
232.515578	235.957616	1838
237.085180	239.933763	1839
241.358054	244.740747	1840
245.630929	247.292602	1841
248.420166	252.515004	1842
253.523877	256.550497	1843 
258.093479	262.781772	1844
264.087372	268.597628	1845
270.437338	275.184976	1846
276.905995	279.695233	1847
281.060178	285.748471	1848
287.528835	289.665273	1849
291.623673	296.430657	1850
297.736257	301.415677	1851
303.789496	306.519388	1852
308.359098	313.878227	1853
315.539901	320.702957	1854
322.127248	327.824414	1855
329.723470	333.284198	1856
335.242599	338.328564	1857
340.524346	345.568712	1858
347.408422	350.494386	1859
352.215405	357.734535	1860
359.574244	363.134973	1861
365.034028	369.781666	1862
372.511558	377.911997	1863
380.226470	384.855418	1864
386.101673	389.484365	1865
390.789965	394.053966	1866
395.478258	399.869823	1867
401.234769	404.498770	1868
406.219789	408.771645	1869
410.373973	412.332373	1870
413.816010	418.148230	1871
420.225322	423.370632	1872
425.922488	429.008452	1873
430.551435	434.764964	1874
436.723364	442.005112	1875
443.192021	448.592460	1876
450.847588	453.458789	1877 
461.173701	463.903593	1878
465.209193	469.719449	1879
471.677850	475.001197	1880
481.173126	484.971237	1881
486.454874	491.083821	1882
504.733281	510.074374	1883
512.270156	514.347248	1884
515.296776	518.738813	1885
520.103759	524.792052	1886
525.682234	528.649508	1887
531.082673	533.931255	1888
538.144784	540.934022	1889
542.120931	546.097078	1890
547.640061	553.218535	1891
554.702172	558.440937	1892
560.221302	563.544648	1893
573.158616	577.846908	1894
582.772583	585.977239	1895
587.520221	592.861314	1896
594.463642	598.499134	1897
600.042117	603.128081	1898
605.976664	611.555139	1899
612.920085	617.430341	1900
