10.783000	14.815000	2301
15.346000	18.753000	2302
19.191000	21.254000	2303
21.629000	25.629000	2304
41.538000	47.321000	2305
51.352000	54.197000	2306
54.822000	57.385000	2307
64.448000	67.199000	2308
68.012000	72.731000	2309
73.075000	77.950658	2310
78.388000	87.639794	2311
87.890000	90.140000	2312
97.173000	99.611000	2313
103.455000	105.768000	2314
106.268000	108.331000	2315
108.862000	111.988000	2316
117.207000	120.458000	2317
120.833000	126.646000	2318
127.209000	130.522000	2319
130.741000	136.367000	2320
136.836000	138.680000	2321
139.023000	141.868000	2322
141.868000	143.774000	2323
143.774000	145.743000	2324
146.337000	148.837624	2325
149.181000	151.713000	2326
154.495000	159.527000	2327
159.871000	166.434000	2328
166.559000	171.310000	2329
171.810000	174.561000	2330
174.561000	176.592000	2331
177.061000	179.249000	2332
179.780000	183.250000	2333
184.094000	188.876000	2334
189.094000	192.189000	2335
192.470000	195.408000	2336
196.033000	199.252000	2336
199.752000	201.659000	2337
201.972000	203.534000	2338
204.066000	208.035000	2339
208.473000	210.442000	2340
210.442000	212.786000	2341
213.067000	215.943000	2342
216.224000	220.193000	2343
220.443000	224.132000	2344
224.319000	227.257000	2345
227.788000	230.789000	2346
231.008000	234.758000	2347
234.946000	238.322000	2348
238.572000	241.009000	2349
241.009000	243.979000	2350
244.416000	249.417000	2351
249.823000	251.668000	2352
252.230000	256.200000	2353
256.418000	259.544000	2354
259.544000	262.919000	2355
263.201000	266.639000	2356
267.451000	272.421000	2357
272.421000	274.515000	2358
274.640000	276.828000	2359
277.234297	282.985000	2360
283.329000	288.080000	2361
288.267000	289.986000	2362
290.299000	294.550000	2363
294.550000	296.956000	2364
297.175000	300.863000	2365
301.488000	303.833000	2366
304.239000	307.177000	2367
307.646000	312.490000	2368
